12 0 
12 1 
12 0 2 
12 4 3 
12 4 
12 4 5 
12 0 6 
12 0 2 7 
12 9 8 
12 9 
12 0 10 
12 0 11 
12 1 13 
12 4 14 
12 0 15 
12 0 16 
12 0 17 
12 4 18 
12 1 19 
12 0 20 
12 9 21 
12 0 22 
13 1 0 
13 1 
13 1 2 
13 1 0 4 3 
13 1 0 4 
13 1 19 5 
13 9 6 
13 1 2 7 
13 9 8 
13 9 
13 9 10 
13 9 11 
13 1 12 
13 9 14 
13 1 15 
13 1 16 
13 9 17 
13 9 18 
13 1 19 
13 9 20 
13 9 21 
13 9 22 
14 4 0 
14 4 0 1 
14 4 0 2 
14 4 3 
14 4 
14 4 5 
14 9 6 
14 9 6 7 
14 9 8 
14 9 
14 9 10 
14 9 11 
14 4 12 
14 9 13 
14 9 15 
14 9 16 
14 9 17 
14 4 18 
14 9 19 
14 4 20 
14 9 21 
14 9 22 
