9 6 0 
9 12 1 
9 11 2 
9 12 4 3 
9 12 4 
9 19 5 
9 6 
9 6 7 
9 8 
9 10 
9 11 
9 12 
9 13 
9 14 
9 15 
9 16 
9 17 
9 18 
9 19 
9 20 
9 21 
9 22 
10 0 
10 0 1 
10 0 2 
10 0 4 3 
10 0 4 
10 0 4 5 
10 6 
10 6 7 
10 9 8 
10 9 
10 0 11 
10 0 12 
10 9 13 
10 9 14 
10 0 15 
10 0 16 
10 0 17 
10 9 18 
10 9 19 
10 0 20 
10 9 21 
10 0 22 
11 0 
11 0 1 
11 2 
11 0 4 3 
11 0 4 
11 0 4 5 
11 0 6 
11 2 7 
11 9 8 
11 9 
11 0 10 
11 0 12 
11 9 13 
11 9 14 
11 0 15 
11 0 16 
11 0 17 
11 9 18 
11 9 19 
11 0 20 
11 9 21 
11 0 22 
