15 0 
15 1 
15 0 2 
15 0 4 3 
15 0 4 
15 0 4 5 
15 6 
15 6 7 
15 9 8 
15 9 
15 0 10 
15 0 11 
15 0 12 
15 1 13 
15 9 14 
15 0 16 
15 0 17 
15 9 18 
15 1 19 
15 0 20 
15 9 21 
15 0 22 
16 0 
16 1 
16 0 2 
16 0 4 3 
16 0 4 
16 0 4 5 
16 0 6 
16 0 2 7 
16 9 8 
16 9 
16 0 10 
16 0 11 
16 0 12 
16 1 13 
16 9 14 
16 0 15 
16 0 17 
16 9 18 
16 1 19 
16 0 20 
16 9 21 
16 0 22 
17 0 
17 0 1 
17 2 
17 0 4 3 
17 0 4 
17 0 4 5 
17 0 6 
17 2 7 
17 8 
17 9 
17 0 10 
17 0 11 
17 0 12 
17 9 13 
17 9 14 
17 0 15 
17 0 16 
17 9 18 
17 9 19 
17 0 20 
17 9 21 
17 0 22 
