18 4 0 
18 4 0 1 
18 4 0 2 
18 4 3 
18 4 
18 4 5 
18 9 6 
18 9 6 7 
18 9 8 
18 9 
18 9 10 
18 9 11 
18 4 12 
18 9 13 
18 4 14 
18 9 15 
18 9 16 
18 9 17 
18 9 19 
18 4 20 
18 9 21 
18 9 22 
19 1 0 
19 1 
19 1 2 
19 5 4 3 
19 5 4 
19 5 
19 9 6 
19 1 2 7 
19 9 8 
19 9 
19 9 10 
19 9 11 
19 1 12 
19 1 13 
19 9 14 
19 1 15 
19 1 16 
19 9 17 
19 9 18 
19 9 20 
19 9 21 
19 9 22 
20 0 
20 0 1 
20 0 2 
20 4 3 
20 4 
20 4 5 
20 0 6 
20 7 
20 9 8 
20 9 
20 0 10 
20 0 11 
20 0 12 
20 9 13 
20 4 14 
20 0 15 
20 0 16 
20 0 17 
20 4 18 
20 9 19 
20 9 21 
20 0 22 
